,number_of_events,top_th,bottom_th,lump_th,a,cluster_size,cluster_th
0,16,top_th,bottom_th,lump_th,a,1,0.420070017246991
