,window_length,band_length,sample_num
0,29553,6322,3812337
